{
  "advancedEditorSelectedIdentifier" : "ProjectBrowser",
  "openSceneRelativePaths" : [
    "Immersive.usda"
  ],
  "recentIdentifiers" : {
    "AF09ED6F-1707-48FD-8720-65B998362C09" : [

    ]
  },
  "sceneCameraHistory" : {
    "AF09ED6F-1707-48FD-8720-65B998362C09" : [
      {
        "date" : 713859318.50178504,
        "title" : "Untitled",
        "transform" : [
          0.99955642223358154,
          1.3118668373834907e-09,
          -0.029782917350530624,
          0,
          -0.015759531408548355,
          0.84853041172027588,
          -0.52891194820404053,
          0,
          0.025271710008382797,
          0.52914661169052124,
          0.84815400838851929,
          0,
          0.065360218286514282,
          1.3685332536697388,
          2.1935803890228271,
          1
        ]
      },
      {
        "date" : 713859309.11844099,
        "title" : "Untitled",
        "transform" : [
          0.99999731779098511,
          2.7008825731478225e-11,
          0.002322399290278554,
          0,
          3.0488192351185717e-05,
          0.99991387128829956,
          -0.013127865269780159,
          0,
          -0.0023221992887556553,
          0.013127877376973629,
          0.99991112947463989,
          0,
          -0.0060058971866965294,
          0.033953897655010223,
          2.5860705375671387,
          1
        ]
      },
      {
        "date" : 713859286.23439395,
        "title" : "Untitled",
        "transform" : [
          1,
          -1.5165126099336845e-12,
          0.0001875230809673667,
          0,
          6.9666763010900468e-05,
          0.92842888832092285,
          -0.37151029706001282,
          0,
          -0.00017410183500032872,
          0.37151026725769043,
          0.92842882871627808,
          0,
          -0.0004502795054577291,
          0.96083712577819824,
          2.4011955261230469,
          1
        ]
      },
      {
        "date" : 713859271.86132002,
        "title" : "Untitled",
        "transform" : [
          0.9786868691444397,
          -1.5725639457286889e-08,
          -0.20535834133625031,
          0,
          -0.02391749806702137,
          0.99319452047348022,
          -0.11398493498563766,
          0,
          0.20396079123020172,
          0.11646721512079239,
          0.97202640771865845,
          0,
          0.03382178395986557,
          2.5150299072265625,
          -1.2800916433334351,
          1
        ]
      },
      {
        "date" : 713859268.39473999,
        "title" : "Untitled",
        "transform" : [
          0.97868692874908447,
          -1.2440995789120279e-08,
          -0.20535832643508911,
          0,
          -0.023917524144053459,
          0.99319452047348022,
          -0.11398492008447647,
          0,
          0.20396077632904053,
          0.11646723747253418,
          0.97202646732330322,
          0,
          0.023019727319478989,
          2.0099337100982666,
          -1.3309791088104248,
          1
        ]
      },
      {
        "date" : 713858563.19951403,
        "title" : "Untitled",
        "transform" : [
          0.9993516206741333,
          -1.7060513002320477e-09,
          0.036004770547151566,
          0,
          0.03598283976316452,
          0.034899711608886719,
          -0.99874281883239746,
          0,
          -0.0012565545039251447,
          0.99939084053039551,
          0.03487706184387207,
          0,
          -0.00020640096045099199,
          2.1120812892913818,
          -1.4333738088607788,
          1
        ]
      },
      {
        "date" : 713858560.66120803,
        "title" : "Untitled",
        "transform" : [
          0.99935168027877808,
          -1.5445300594052469e-09,
          0.036004774272441864,
          0,
          0.03598283976316452,
          0.034899603575468063,
          -0.99874281883239746,
          0,
          -0.0012565510114654899,
          0.99939084053039551,
          0.034876979887485504,
          0,
          -0.025262162089347839,
          3.9828429222106934,
          -0.27104711532592773,
          1
        ]
      },
      {
        "date" : 713858404.08485305,
        "title" : "Untitled",
        "transform" : [
          0.99326139688491821,
          -1.5432820577032658e-09,
          0.11589600890874863,
          0,
          0.11581212282180786,
          0.038039214909076691,
          -0.99254244565963745,
          0,
          -0.0044085918925702572,
          0.99927628040313721,
          0.037782885134220123,
          0,
          -0.11952321976423264,
          3.9791586399078369,
          -0.27064132690429688,
          1
        ]
      },
      {
        "date" : 713858400.00276101,
        "title" : "Untitled",
        "transform" : [
          0.99994605779647827,
          -1.3617968974699579e-09,
          -0.010394380427896976,
          0,
          -0.0099923070520162582,
          0.27543988823890686,
          -0.96126633882522583,
          0,
          0.0028630290180444717,
          0.96131831407546997,
          0.2754250168800354,
          0,
          0.039288654923439026,
          3.8311135768890381,
          0.68742400407791138,
          1
        ]
      },
      {
        "date" : 713858397.16214895,
        "title" : "Untitled",
        "transform" : [
          0.99994605779647827,
          -1.3617968974699579e-09,
          -0.010394380427896976,
          0,
          -0.0099923070520162582,
          0.27543988823890686,
          -0.96126633882522583,
          0,
          0.0028630290180444717,
          0.96131831407546997,
          0.2754250168800354,
          0,
          0.040761832147836685,
          4.3257651329040527,
          0.82914555072784424,
          1
        ]
      }
    ]
  },
  "selectedSceneRelativePath" : "Immersive.usda"
}